.Random.seed <-
c(403L, 10L, 120822669L, -1011049529L, 1933885614L, 96932104L, 
-297398517L, 1913158121L, 331431608L, 1222715750L, 1273555457L, 
-1163893613L, -441876670L, 1921773812L, -903959305L, 263955693L, 
1040390020L, -1625544278L, -733573355L, 1161121199L, 373331382L, 
1223511008L, 26198819L, -1451137983L, -1167444176L, -1637173938L, 
-872564807L, -1070992949L, 820556410L, 1816344444L, 735262655L, 
-1959509867L, -666710356L, 1282718850L, -737981347L, -180497577L, 
-2017907138L, -196713864L, 660967771L, 700268729L, 1019941128L, 
-1997397066L, 1168417009L, 1677711139L, -624987790L, -795098172L, 
2099687303L, -1749822115L, 2098449236L, 1496117626L, 796064965L, 
1195777567L, 267057574L, -50775248L, -259286573L, 1115611121L, 
-1881298656L, -702654530L, 523106249L, 317200251L, 1446333770L, 
-1962890836L, -1124662097L, 818413157L, -1448696292L, -526550926L, 
-1681457427L, 1109369639L, -546668722L, -216320088L, -293026901L, 
-453115703L, -641414952L, -1099958906L, 2108648545L, -1622827533L, 
627596386L, -1066296620L, 364768215L, 2130977229L, -1669581468L, 
-109919926L, 1824188597L, 95715343L, 471054614L, 686269376L, 
-955650173L, -623649375L, -1593540208L, -1444787602L, 1550904345L, 
-1747881813L, 1227199642L, 440247388L, -726392481L, 810730293L, 
-32454964L, -688237534L, 195077757L, -2049442953L, 452441246L, 
465924952L, -1052297541L, -1117104039L, 1506298856L, -420393450L, 
1841451409L, 1045725763L, -1413938862L, -1535322652L, -552502233L, 
-1909798787L, 1256002932L, 450386266L, 590499749L, -10653761L, 
1511810118L, 251937488L, 813829363L, 1268263441L, -798135232L, 
-1297727458L, -1687363863L, -1458316261L, -532712406L, -2019899572L, 
690388239L, 255483973L, 2002389500L, -1427584942L, 1774481869L, 
2099893127L, 1258157678L, 1347761736L, 1333071947L, 1818130857L, 
-1236093704L, 870039590L, 1301598529L, -1452609837L, -1850026366L, 
-783426380L, 1983325239L, -1217640659L, -1833614268L, 635758954L, 
-677378603L, 1627628399L, -147375498L, -402899552L, 1015327331L, 
848165633L, 2086023792L, -323195378L, -1682479495L, -1976331765L, 
377932602L, -867225028L, -1930137217L, -29631787L, 508213996L, 
-1345565630L, -1267702883L, -864650729L, -157204610L, 1527516472L, 
-333895141L, -1253264519L, 1234650568L, -2128201226L, -808031183L, 
863563363L, 1886646834L, -1911832700L, 7622087L, 2118091933L, 
-2001779692L, -1189059910L, 1606771461L, 1573968095L, 1682817382L, 
-962509584L, 1290342419L, 1012061617L, -1559793568L, -1849680386L, 
-1181972087L, -213623109L, -1561093494L, 1509148012L, -135781649L, 
-2134704859L, -1151964196L, 781248946L, -896497491L, 1337636967L, 
-1676406898L, 1744967784L, -848493461L, 1064652297L, 1522421912L, 
1051753414L, 1339043617L, -1582007373L, -675237086L, -2096675564L, 
531350935L, 571694477L, 2078080164L, 2091310730L, 1630819573L, 
919808847L, 1920390230L, -1521576192L, -55463357L, 279595489L, 
-1870574256L, 793715630L, -500530855L, 701521771L, 1471319770L, 
925007772L, -913267809L, -500823563L, 617655436L, -627837598L, 
-491632323L, 1098359223L, -87996834L, -260150924L, -800786798L, 
-1566724512L, 1403004556L, 313759584L, 1568094946L, -929910616L, 
1290829004L, -1442487812L, -1810628686L, 594881008L, 18245060L, 
971373400L, 540684154L, -1922968144L, -1897704004L, 330777684L, 
1905838018L, -970701024L, 670874556L, -1838590384L, -1748301342L, 
1974244712L, -770208436L, 1189803260L, -257516814L, -1083981056L, 
1438633588L, -207924216L, -1808115270L, 1871377360L, 1232242156L, 
492793748L, -2022326574L, 27650656L, -1786036916L, -1609318112L, 
1411120770L, -240519704L, -614591508L, -1289921988L, 405935730L, 
1414671216L, -360967900L, -535354824L, -790144614L, -1833259568L, 
351944124L, -1135328108L, 43812994L, -156246592L, -543277252L, 
826142864L, 419654434L, 209623560L, -1021449972L, -2059011684L, 
1314392594L, -925687936L, -1764029676L, 1461915944L, 1688836154L, 
1834474448L, -585380244L, 1358107188L, 1456088722L, 1243188576L, 
-149460660L, 1243472864L, -857288286L, 790714792L, -215574900L, 
-1536029252L, -2003672462L, -216871952L, -1849396668L, -1732259752L, 
533791802L, 1189573744L, -335956932L, -1851239148L, 213793474L, 
-956565792L, 1873628284L, 183229136L, -1259189854L, 1097243688L, 
-79636724L, -1897898564L, -1785227470L, -1005707584L, 2122940468L, 
591331016L, 2100332730L, 1711518352L, -968827156L, -1147958700L, 
-310620526L, -60994272L, 668288460L, 974831328L, -137681726L, 
-1275110360L, -1973050452L, -976998724L, 655022066L, 1109666352L, 
-1206975580L, 1190796728L, -1754947750L, -255238000L, 59846524L, 
-893160172L, -787179198L, -1965656832L, 464384444L, -186149552L, 
1318723874L, 553800264L, -559705076L, 1659228764L, -1278470702L, 
353046016L, -899106476L, -1988035352L, 1963960570L, -1890530608L, 
-400195796L, -1740139276L, 1577004434L, -1496268448L, 781307916L, 
-2328352L, 1263715938L, 1172824232L, 1893797964L, -142334084L, 
-175755982L, 2078158448L, -457160892L, -2139186216L, -1016895622L, 
1587913776L, 1423452092L, 1570818644L, 178776130L, 1001518752L, 
-1668058436L, -1412505648L, 644276578L, -274683160L, -1318777652L, 
291912188L, -332049934L, -2133202816L, -1018323468L, 1109863048L, 
-821098694L, -1278488240L, -1038061460L, 739267988L, -99277742L, 
403272160L, 1813668044L, 1533995680L, -1872090750L, -1067701016L, 
-104779028L, 24176956L, 913810546L, -144085392L, -1553693148L, 
-1729972168L, 610207002L, 1455775952L, -961471172L, -867221612L, 
552955778L, -442105920L, -416905668L, -1803093616L, 1157239842L, 
1216723208L, -351710068L, 903389980L, -637302638L, 1903475072L, 
178486292L, 1684475688L, -295078342L, 47391184L, 752021868L, 
278337460L, 1743154706L, 1521226720L, 1844630988L, 1569699040L, 
1842233378L, -837064920L, 905307660L, -1152122052L, -605711374L, 
174803696L, -1987843516L, -556530088L, 966534970L, -150748176L, 
64313020L, -845662956L, 302584002L, -131416992L, -946759300L, 
728754128L, 565004578L, 400653992L, 80653196L, 1239911612L, 1509908274L, 
-138743232L, 1265296564L, 1102402632L, -154936902L, -902640112L, 
-1620526868L, 553757012L, 2058929938L, 1882809760L, -1304531936L, 
1536282121L, -2129938629L, -1115784564L, 1555111706L, -1525616241L, 
-472764711L, -1664921234L, -482566916L, 1599329901L, 261956119L, 
-766666784L, 1005261758L, -375869045L, -1481899507L, 91012666L, 
47609464L, -467853791L, -487223085L, -2063577100L, -54048638L, 
1494409495L, 2045040609L, 1222115622L, 666673188L, 1088864981L, 
-749965697L, -1211425000L, -422015434L, 1587151043L, 1414397189L, 
-662272862L, 632257168L, 2819641L, 1881560811L, 1595901916L, 
-891680246L, -2097046273L, -36791991L, 1503759070L, -1461290868L, 
-1967714211L, 1038360167L, 801443728L, -828865618L, 2082531931L, 
-1883888067L, -1075406678L, -928093880L, -720183951L, -696608029L, 
538915300L, 700906770L, -1909411609L, 1499530929L, 2079046902L, 
-1969217772L, -653903835L, -1442431697L, 365761256L, 895791046L, 
-1431121293L, 1410864341L, 90338994L, 2082467456L, -1332930967L, 
1985379035L, 2101806636L, 727352890L, 2044510447L, 930286457L, 
1356843022L, -817484324L, 257433165L, -1604895305L, 973214528L, 
-627154402L, -610867989L, 155528301L, 1768295642L, -1707191144L, 
-217459967L, -785991501L, -786361388L, 536841954L, 1346703223L, 
690459329L, 982229574L, -981267068L, 1967993653L, -919850721L, 
-684943240L, 1443628374L, -939475997L, 1836455333L, 312604738L, 
-1397672400L, 1924206169L, -711227445L, -374040516L, 1027466858L, 
2085190815L, -1133376215L, 1630206398L, -795551572L, -631128579L, 
315057479L, 1098980912L, 1225459534L, 319437691L, -330146595L, 
-600462070L, -2082219992L, 1831791761L, -1469867901L, -1260086908L, 
-1757255758L, -1148688121L, 138070865L, 2090531542L, 803161012L, 
166935493L, 812243727L, 1499818376L, -441357146L, -1806328749L, 
-2146148939L, 1009750802L, -1103445792L, -2025667255L, -479922309L, 
-642723252L, -137765926L, -1483877937L, 1027835801L, -1241727058L, 
-1724283716L, 509771053L, 335834839L, 444446496L, -1051246466L, 
1882818123L, 983997517L, -180419974L, 1244068536L, -999133087L, 
